###################################################################################
(a_loc,a_glo) = (1,1)
---------------------------------------------------------------------------------
PROBABILTY TRANSITION MATRIX:
0.047387 0.068562 0.001956 0.362168 0.519927 
0.105838 0.036547 0.107382 0.301019 0.449214 
0.495120 0.119823 0.175999 0.180833 0.028225 
0.297414 0.074606 0.143327 0.273352 0.211301 
0.229701 0.219369 0.234482 0.130140 0.186308 

---------------------------------------------------------------------------------
GLOBAL REWARD: 1.702281 -0.455746 0.689477 0.841008 1.889861 
###################################################################################
(a_loc,a_glo) = (2,1)
---------------------------------------------------------------------------------
PROBABILTY TRANSITION MATRIX:
0.349934 0.205321 0.057298 0.351088 0.036359 
0.478681 0.052190 0.080145 0.070516 0.318467 
0.311288 0.293676 0.267554 0.071338 0.056144 
0.322437 0.049563 0.150403 0.112442 0.365155 
0.018854 0.359458 0.225791 0.271208 0.124689 

---------------------------------------------------------------------------------
GLOBAL REWARD: 1.656704 -0.106602 1.212609 0.346181 1.234406 
###################################################################################
(a_loc,a_glo) = (3,1)
---------------------------------------------------------------------------------
PROBABILTY TRANSITION MATRIX:
0.129110 0.207204 0.303127 0.182968 0.177590 
0.348270 0.170857 0.221880 0.036097 0.222897 
0.212958 0.042737 0.457935 0.042682 0.243687 
0.297771 0.404123 0.176729 0.030087 0.091290 
0.149630 0.047811 0.066397 0.394376 0.341786 

---------------------------------------------------------------------------------
GLOBAL REWARD: 0.759802 1.730034 0.290326 -0.027590 0.076215 
###################################################################################
(a_loc,a_glo) = (4,1)
---------------------------------------------------------------------------------
PROBABILTY TRANSITION MATRIX:
0.328104 0.056351 0.114552 0.276042 0.224950 
0.274834 0.252385 0.045492 0.143079 0.284210 
0.226084 0.204153 0.279651 0.071832 0.218281 
0.054958 0.278171 0.190867 0.177049 0.298956 
0.219415 0.251154 0.023118 0.262978 0.243335 

---------------------------------------------------------------------------------
GLOBAL REWARD: -0.319888 0.793474 1.947927 0.470438 1.265885 
###################################################################################
(a_loc,a_glo) = (5,1)
---------------------------------------------------------------------------------
PROBABILTY TRANSITION MATRIX:
0.325656 0.248022 0.191062 0.056048 0.179211 
0.070625 0.483425 0.102015 0.139486 0.204450 
0.052157 0.014601 0.056456 0.696641 0.180145 
0.349615 0.073347 0.069262 0.181677 0.326099 
0.085364 0.159232 0.461302 0.143973 0.150130 

---------------------------------------------------------------------------------
GLOBAL REWARD: 0.511372 1.647506 0.238090 0.459299 0.117944 
###################################################################################
(a_loc,a_glo) = (1,2)
---------------------------------------------------------------------------------
PROBABILTY TRANSITION MATRIX:
0.361149 0.147085 0.128323 0.167154 0.196288 
0.208134 0.159357 0.136572 0.262392 0.233544 
0.471050 0.035199 0.458940 0.005485 0.029326 
0.093960 0.465556 0.129881 0.184949 0.125654 
0.304366 0.140677 0.142828 0.204251 0.207877 

---------------------------------------------------------------------------------
GLOBAL REWARD: 0.312610 1.392554 -0.000056 1.050700 -0.148147 
###################################################################################
(a_loc,a_glo) = (2,2)
---------------------------------------------------------------------------------
PROBABILTY TRANSITION MATRIX:
0.187743 0.128411 0.090292 0.308215 0.285339 
0.272214 0.234760 0.149773 0.109992 0.233261 
0.178237 0.138645 0.410589 0.128048 0.144482 
0.398591 0.194435 0.035441 0.021773 0.349759 
0.155490 0.005215 0.088865 0.398171 0.352259 

---------------------------------------------------------------------------------
GLOBAL REWARD: -0.062081 0.955304 -0.250592 0.437863 0.006004 
###################################################################################
(a_loc,a_glo) = (3,2)
---------------------------------------------------------------------------------
PROBABILTY TRANSITION MATRIX:
0.620707 0.145227 0.143616 0.020740 0.069710 
0.007082 0.369988 0.347216 0.204456 0.071258 
0.243484 0.405506 0.214101 0.121787 0.015122 
0.337039 0.028542 0.211012 0.372859 0.050548 
0.105352 0.034792 0.079386 0.222187 0.558284 

---------------------------------------------------------------------------------
GLOBAL REWARD: 0.075202 1.649620 1.474558 0.324610 0.087483 
###################################################################################
(a_loc,a_glo) = (4,2)
---------------------------------------------------------------------------------
PROBABILTY TRANSITION MATRIX:
0.003852 0.212839 0.466994 0.090904 0.225411 
0.014091 0.100372 0.145393 0.407887 0.332256 
0.174311 0.110897 0.175284 0.336407 0.203102 
0.169462 0.194911 0.204768 0.320663 0.110196 
0.300139 0.026636 0.158883 0.349514 0.164828 

---------------------------------------------------------------------------------
GLOBAL REWARD: 1.612927 0.581440 0.709379 1.087485 1.406050 
###################################################################################
(a_loc,a_glo) = (5,2)
---------------------------------------------------------------------------------
PROBABILTY TRANSITION MATRIX:
0.133835 0.177387 0.317500 0.106571 0.264707 
0.076236 0.157112 0.471248 0.256402 0.039002 
0.129134 0.267166 0.108186 0.269447 0.226066 
0.393049 0.157549 0.127161 0.204672 0.117568 
0.201776 0.047140 0.109028 0.324638 0.317417 

---------------------------------------------------------------------------------
GLOBAL REWARD: 0.255486 1.718153 0.739934 1.464865 0.805638 
###################################################################################
(a_loc,a_glo) = (1,3)
---------------------------------------------------------------------------------
PROBABILTY TRANSITION MATRIX:
0.230631 0.154036 0.264504 0.127144 0.223685 
0.134974 0.176210 0.322240 0.053936 0.312639 
0.015052 0.257793 0.357789 0.170346 0.199020 
0.171136 0.082023 0.256484 0.262032 0.228325 
0.027809 0.198512 0.411632 0.183967 0.178081 

---------------------------------------------------------------------------------
GLOBAL REWARD: 0.038436 1.807989 0.800970 1.278370 1.272854 
###################################################################################
(a_loc,a_glo) = (2,3)
---------------------------------------------------------------------------------
PROBABILTY TRANSITION MATRIX:
0.316926 0.010017 0.260255 0.267443 0.145360 
0.198658 0.084384 0.381328 0.187352 0.148278 
0.228860 0.128026 0.239736 0.179460 0.223918 
0.381101 0.233736 0.139603 0.188308 0.057252 
0.293120 0.087689 0.160677 0.241102 0.217412 

---------------------------------------------------------------------------------
GLOBAL REWARD: -0.090775 0.777413 0.220002 1.210195 0.055783 
###################################################################################
(a_loc,a_glo) = (3,3)
---------------------------------------------------------------------------------
PROBABILTY TRANSITION MATRIX:
0.001462 0.139837 0.413426 0.403744 0.041531 
0.135311 0.161285 0.162048 0.118987 0.422370 
0.263072 0.050702 0.110054 0.245820 0.330352 
0.205075 0.037069 0.108370 0.378494 0.270991 
0.065724 0.076748 0.209556 0.267880 0.380092 

---------------------------------------------------------------------------------
GLOBAL REWARD: 1.695462 0.854079 1.070837 -0.084536 0.064274 
###################################################################################
(a_loc,a_glo) = (4,3)
---------------------------------------------------------------------------------
PROBABILTY TRANSITION MATRIX:
0.057079 0.319757 0.018180 0.365857 0.239127 
0.061318 0.097333 0.438297 0.202243 0.200809 
0.227410 0.032140 0.181360 0.320042 0.239048 
0.175485 0.065165 0.335508 0.216262 0.207580 
0.327801 0.212651 0.214635 0.157577 0.087335 

---------------------------------------------------------------------------------
GLOBAL REWARD: 0.675128 0.507367 0.195592 -0.254035 0.922831 
###################################################################################
(a_loc,a_glo) = (5,3)
---------------------------------------------------------------------------------
PROBABILTY TRANSITION MATRIX:
0.363025 0.037298 0.195792 0.397837 0.006048 
0.332239 0.250082 0.079078 0.302543 0.036057 
0.317634 0.252778 0.097488 0.092904 0.239197 
0.320069 0.202209 0.217071 0.236064 0.024587 
0.039823 0.283250 0.301897 0.314252 0.060778 

---------------------------------------------------------------------------------
GLOBAL REWARD: -0.438758 1.321999 0.148960 0.256834 1.567964 
###################################################################################
(a_loc,a_glo) = (1,4)
---------------------------------------------------------------------------------
PROBABILTY TRANSITION MATRIX:
0.097091 0.109582 0.126849 0.248745 0.417732 
0.148413 0.212382 0.261782 0.284392 0.093032 
0.230065 0.035825 0.295465 0.318522 0.120123 
0.048187 0.234742 0.319321 0.283925 0.113826 
0.232162 0.214276 0.245497 0.159287 0.148778 

---------------------------------------------------------------------------------
GLOBAL REWARD: 1.717028 0.488098 -0.147356 -0.134012 1.244933 
###################################################################################
(a_loc,a_glo) = (2,4)
---------------------------------------------------------------------------------
PROBABILTY TRANSITION MATRIX:
0.024981 0.019578 0.389656 0.201014 0.364771 
0.075188 0.157821 0.257576 0.207669 0.301746 
0.370535 0.058194 0.004354 0.232807 0.334111 
0.133759 0.349282 0.228727 0.059140 0.229092 
0.304145 0.015316 0.125241 0.292266 0.263032 

---------------------------------------------------------------------------------
GLOBAL REWARD: -0.264706 -0.139034 1.317691 0.087938 0.226953 
###################################################################################
(a_loc,a_glo) = (3,4)
---------------------------------------------------------------------------------
PROBABILTY TRANSITION MATRIX:
0.258050 0.357523 0.329483 0.031551 0.023392 
0.066430 0.101612 0.181237 0.333658 0.317063 
0.188176 0.372745 0.036682 0.192586 0.209811 
0.290691 0.234349 0.075796 0.127190 0.271974 
0.257718 0.066213 0.330368 0.012608 0.333094 

---------------------------------------------------------------------------------
GLOBAL REWARD: 0.532010 -0.352387 0.044419 -0.150299 0.235551 
###################################################################################
(a_loc,a_glo) = (4,4)
---------------------------------------------------------------------------------
PROBABILTY TRANSITION MATRIX:
0.227544 0.201439 0.232595 0.104434 0.233987 
0.241397 0.184321 0.351749 0.041002 0.181530 
0.293427 0.220857 0.137242 0.329317 0.019157 
0.314693 0.281303 0.289424 0.044179 0.070401 
0.202815 0.247822 0.112264 0.178933 0.258167 

---------------------------------------------------------------------------------
GLOBAL REWARD: 1.231936 1.515422 -0.040540 1.776355 1.865123 
###################################################################################
(a_loc,a_glo) = (5,4)
---------------------------------------------------------------------------------
PROBABILTY TRANSITION MATRIX:
0.215456 0.239773 0.201846 0.010053 0.332873 
0.303312 0.176559 0.070108 0.244734 0.205287 
0.227944 0.195401 0.084272 0.351917 0.140467 
0.117947 0.358700 0.075052 0.039164 0.409137 
0.120444 0.248392 0.266375 0.241137 0.123653 

---------------------------------------------------------------------------------
GLOBAL REWARD: 0.211805 1.830865 0.540564 0.671265 1.607220 
###################################################################################
(a_loc,a_glo) = (1,5)
---------------------------------------------------------------------------------
PROBABILTY TRANSITION MATRIX:
0.390326 0.032739 0.451713 0.077576 0.047647 
0.180287 0.040109 0.217436 0.256392 0.305776 
0.148690 0.189931 0.215547 0.256534 0.189298 
0.288085 0.281685 0.097388 0.019701 0.313140 
0.163765 0.243187 0.407047 0.075296 0.110705 

---------------------------------------------------------------------------------
GLOBAL REWARD: 1.684948 -0.128595 1.330384 0.225512 1.042669 
###################################################################################
(a_loc,a_glo) = (2,5)
---------------------------------------------------------------------------------
PROBABILTY TRANSITION MATRIX:
0.230187 0.188241 0.236396 0.088281 0.256895 
0.208215 0.286437 0.241064 0.069214 0.195069 
0.173609 0.167510 0.302111 0.333522 0.023248 
0.087809 0.237656 0.252128 0.168441 0.253967 
0.310248 0.322891 0.131630 0.217129 0.018103 

---------------------------------------------------------------------------------
GLOBAL REWARD: 0.566848 0.146467 -0.256863 -0.102768 0.871980 
###################################################################################
(a_loc,a_glo) = (3,5)
---------------------------------------------------------------------------------
PROBABILTY TRANSITION MATRIX:
0.114197 0.106357 0.319285 0.288653 0.171507 
0.142067 0.123007 0.071041 0.451915 0.211970 
0.219343 0.137385 0.322099 0.184914 0.136259 
0.283664 0.244919 0.074718 0.262347 0.134351 
0.082415 0.338405 0.163344 0.243587 0.172248 

---------------------------------------------------------------------------------
GLOBAL REWARD: 0.926490 1.657254 1.649697 1.169627 -0.445513 
###################################################################################
(a_loc,a_glo) = (4,5)
---------------------------------------------------------------------------------
PROBABILTY TRANSITION MATRIX:
0.270828 0.282964 0.111876 0.178646 0.155686 
0.206923 0.203769 0.177107 0.248876 0.163325 
0.235796 0.102635 0.220241 0.213735 0.227593 
0.091807 0.263462 0.240512 0.169860 0.234359 
0.101986 0.298870 0.221393 0.252443 0.125308 

---------------------------------------------------------------------------------
GLOBAL REWARD: -0.387672 1.840516 0.870006 1.762025 1.010143 
###################################################################################
(a_loc,a_glo) = (5,5)
---------------------------------------------------------------------------------
PROBABILTY TRANSITION MATRIX:
0.228644 0.364870 0.007318 0.358468 0.040699 
0.139872 0.137535 0.292492 0.367771 0.062330 
0.098024 0.330365 0.211812 0.068635 0.291163 
0.256858 0.236452 0.323617 0.157668 0.025404 
0.217246 0.284031 0.390500 0.001769 0.106454 

---------------------------------------------------------------------------------
GLOBAL REWARD: 1.702774 -0.396779 1.292579 0.572780 1.865246 
###################################################################################
